Parameters = [0.02001842 2.21       0.36867667 0.04357324 2.52287701 0.10333616] [0.04622091 2.42659489 0.16533964 0.01763274 2.54705408 0.05879396] [0.02693162 2.21000031 0.20266228 0.0418664  2.48137713 0.12524444] [0.04026641 2.29967992 0.06914164 0.04187528 2.48343635 0.12901547] [0.03771171 2.28913605 0.06865656 0.03805451 2.40263641 0.16607685]
Ratios = 0.3147963208850718 0.7238569573148017 0.39145924675173943 0.49020672879126426 0.4977377797635408
