Parameters = [0.00742125 2.28999999 0.17000001 0.05454687 2.49       0.12000001] [0.0184511  2.29       0.17000001 0.04702149 2.49       0.12000001] [0.02892064 2.29       0.17000001 0.0377554  2.49       0.12000001] [0.03874946 2.29       0.1699999  0.02641066 2.49       0.12000001] [0.05793572 2.29       0.1699999  0.00709323 2.49       0.12000001]
Ratios = 0.11975922059487676 0.28181411203191276 0.4337486149254892 0.5946805647129344 0.8909220021053875
averages =  2.28999999836 2.4900000009999985 0.16999996600067568 0.12000000999999998
