Parameters = [0.02001845 2.21       0.36867654 0.04357323 2.5228771  0.10333607] [0.04622093 2.42659502 0.16533967 0.01763272 2.54705399 0.05879376] [0.02693018 2.21000198 0.20260943 0.04187187 2.48137811 0.1252483 ] [0.0402715  2.29968434 0.06914899 0.04187327 2.48345411 0.12900653] [0.03770672 2.28913861 0.06865262 0.03805669 2.40261647 0.16608608]
Ratios = 0.3147966622205144 0.7238573518091808 0.3914153642526021 0.49025028368139273 0.4976903837834684
averages =  2.2870839901960576 2.4874759567728146 0.1748854490134864 0.11649414502799726
