Parameters = [0.03345345 2.4        0.23408319 0.02245342 2.60035677 0.14763714] [5.59711286e-02 2.52421015e+00 1.58157976e-01 2.19515154e-03
 2.68384230e+00 4.36872666e-02] [0.05358281 2.47068052 0.18029444 0.00691753 2.64370526 0.062483  ] [0.05130622 2.53794564 0.10921615 0.01572045 2.57364093 0.17740006] [0.04821492 2.50699483 0.04902445 0.04528743 2.59986456 0.12373613]
Ratios = 0.5983781039652847 0.9622607543047381 0.8856612555524686 0.7654597460541518 0.5156546186010684
averages =  2.487966227198419 2.6202819634882646 0.14615524158298185 0.11098871866807074
