Parameters = [0.04390417 2.49       0.1500009  0.01581854 2.62       0.11001   ] [0.04550761 2.49000008 0.1500009  0.01779028 2.62       0.11001   ] [0.05427614 2.49       0.1500009  0.00661498 2.62       0.11001   ] [0.0421315  2.49009    0.1499999  0.02528633 2.62       0.11      ] [0.0371676  2.49009    0.1499999  0.03229157 2.62       0.11      ]
Ratios = 0.7351335898937355 0.7189436004250388 0.8913637665679403 0.6249311448654188 0.5350999610721229
averages =  2.4900360166361977 2.6200000005996 0.15000050000004023 0.11000600005730492
